SplitterH.SplitRatio=0.500000
PerspectiveCameraLocY0=-4.039725
PerspectiveCameraLocX3=0.000000
PerspectiveCameraRotY1=0.000000
SplitterV.SplitRatio=0.500000
PerspectiveCameraRotX2=0.000000
ShowFlag1=54
CameraSpeedSetting0=1
CameraSpeedScalar0=0.100000
PerspectiveCameraRotY2=0.000000
PerspectiveCameraLocX0=19.007757
GridSize0=10.000000
PerspectiveCameraLocZ0=20.102741
ShowFlag3=31
CameraSpeedSetting2=1
PerspectiveCameraRotX0=0.000000
PerspectiveCameraLocX2=0.000000
PerspectiveCameraRotY0=12.500209
PerspectiveCameraRotZ0=2331.637207
PerspectiveCameraRotX3=0.000000
CameraSpeedSetting1=1
ShowFlag0=30
ViewMode0=2
ViewportType0=0
CameraSpeedScalar1=1.000000
GridSize1=10.000000
PerspectiveCameraRotY3=0.000000
PerspectiveCameraLocX1=0.000000
ScreenHeight=961
PerspectiveCameraLocY1=0.000000
PerspectiveCameraLocZ1=0.000000
CameraSpeedSetting3=1
ShowFlag2=63
PerspectiveCameraRotX1=0.000000
PerspectiveCameraRotZ1=0.000000
ViewMode1=4
ViewportType1=3
CameraSpeedScalar2=0.100000
GridSize2=10.000000
PerspectiveCameraLocY2=0.000000
PerspectiveCameraLocZ2=0.000000
PerspectiveCameraRotZ2=0.000000
ScreenWidth=1384
ViewMode2=0
ViewportType2=3
CameraSpeedScalar3=1.000000
GridSize3=10.000000
PerspectiveCameraLocY3=0.000000
PerspectiveCameraLocZ3=0.000000
PerspectiveCameraRotZ3=0.000000
ViewMode3=4
ViewportType3=1
OrthoZoomSize=28.000000
ActiveViewportIndex=2
bMultiView=0
OrthoPivotX=2.400007
OrthoPivotY=-5.099990
OrthoPivotZ=7.749987
