SplitterH.SplitRatio=0.500000
PerspectiveCameraLocY0=8.280169
PerspectiveCameraLocX3=0.000000
PerspectiveCameraRotY1=0.000000
SplitterV.SplitRatio=0.500000
PerspectiveCameraRotX2=0.000000
ShowFlag1=54
CameraSpeedSetting0=1
CameraSpeedScalar0=0.304404
PerspectiveCameraRotY2=0.000000
PerspectiveCameraLocX0=-13.403820
GridSize0=10.000000
PerspectiveCameraLocZ0=2.907747
ShowFlag3=31
CameraSpeedSetting2=1
PerspectiveCameraRotX0=-0.000000
PerspectiveCameraLocX2=0.000000
PerspectiveCameraRotY0=8.500223
PerspectiveCameraRotZ0=2.599272
PerspectiveCameraRotX3=0.000000
CameraSpeedSetting1=1
ShowFlag0=511
ViewMode0=2
ViewportType0=0
CameraSpeedScalar1=1.000000
GridSize1=10.000000
PerspectiveCameraRotY3=0.000000
PerspectiveCameraLocX1=0.000000
ScreenHeight=961
PerspectiveCameraLocY1=0.000000
PerspectiveCameraLocZ1=0.000000
CameraSpeedSetting3=1
ShowFlag2=63
PerspectiveCameraRotX1=0.000000
PerspectiveCameraRotZ1=0.000000
ViewMode1=4
ViewportType1=3
CameraSpeedScalar2=0.100000
GridSize2=10.000000
PerspectiveCameraLocY2=0.000000
PerspectiveCameraLocZ2=0.000000
PerspectiveCameraRotZ2=0.000000
ScreenWidth=1384
ViewMode2=1
ViewportType2=3
CameraSpeedScalar3=1.000000
GridSize3=10.000000
PerspectiveCameraLocY3=0.000000
PerspectiveCameraLocZ3=0.000000
PerspectiveCameraRotZ3=0.000000
ViewMode3=2
ViewportType3=0
OrthoZoomSize=28.000000
ActiveViewportIndex=0
bMultiView=0
OrthoPivotX=8.300025
OrthoPivotY=-4.800011
OrthoPivotZ=6.449982
