WindowX=-8
SplitterH.SplitRatio=0.488542
PerspectiveCameraLocY0=15.921984
PerspectiveCameraLocX3=0.000000
PerspectiveCameraRotY1=0.000000
SplitterV.SplitRatio=0.479332
PerspectiveCameraRotX2=0.000000
ShowFlag1=54
CameraSpeedSetting0=1
CameraSpeedScalar0=0.100000
PerspectiveCameraRotY2=-2.899978
PerspectiveCameraLocX0=6.414330
GridSize0=10.000000
PerspectiveCameraLocZ0=5.504417
ShowFlag3=31
CameraSpeedSetting2=1
PerspectiveCameraRotX0=-0.000000
PerspectiveCameraLocX2=-10.023046
PerspectiveCameraRotY0=40.800652
PerspectiveCameraRotZ0=-464.731567
PerspectiveCameraRotX3=0.000000
CameraSpeedSetting1=1
ShowFlag0=510
ViewMode0=3
ViewportType0=0
CameraSpeedScalar1=1.000000
Zoomed=1
GridSize1=10.000000
PerspectiveCameraRotY3=0.000000
PerspectiveCameraLocX1=0.000000
ScreenHeight=1137
PerspectiveCameraLocY1=0.000000
PerspectiveCameraLocZ1=0.000000
CameraSpeedSetting3=1
ShowFlag2=63
PerspectiveCameraRotX1=0.000000
WindowHeight=1176
PerspectiveCameraRotZ1=0.000000
ViewMode1=4
ViewportType1=3
CameraSpeedScalar2=0.100000
GridSize2=10.000000
PerspectiveCameraLocY2=0.272690
PerspectiveCameraLocZ2=0.959728
PerspectiveCameraRotZ2=-104.497879
ScreenWidth=1920
ViewMode2=0
ViewportType2=5
CameraSpeedScalar3=1.000000
GridSize3=10.000000
PerspectiveCameraLocY3=0.000000
PerspectiveCameraLocZ3=0.000000
PerspectiveCameraRotZ3=0.000000
ViewMode3=4
ViewportType3=1
WindowY=-8
WindowWidth=1936
OrthoZoomSize=31.000000
ActiveViewportIndex=0
bMultiView=0
OrthoPivotX=9.850039
OrthoPivotY=3.750008
OrthoPivotZ=5.499984
